27
491985 -716840 111363 -187545 860109 675248
237422 -959189 -805417 743868 -583917 175584
-255074 -687507 447918 918838 904343 46709
-316891 373715 323766 573202 -527314 -155629
-932084 -235024 -616056 787404 -679263 -240486
-934970 -670926 42674 692745 657882 -97216
367993 -104696 459947 562576 -360828 876031
254512 900450 -295124 218782 819288 -390781
-734509 18750 982934 589258 -408048 -544380
-50019 176221 736948 850277 -36375 -425962
-390209 545007 -96888 652466 237752 -439006
71602 -394255 456298 -468451 -315327 -388178
-592420 939185 -487728 628808 674319 -668439
-761972 939810 866663 -262686 -954580 -25033
192935 -4598 -848812 446235 362031 114813
-979727 -511825 176172 439738 -859359 -586076
-999268 728595 19669 973383 -739856 -779306
-414795 184077 -323769 97478 -187115 -649450
945391 50913 -193287 812054 788228 -147867
303373 497515 -636113 454562 460102 -757729
85727 480376 -269554 -738100 436466 387439
-324176 437198 116034 -788154 926933 376178
-51108 28491 76607 625124 -357679 889493
975674 -412288 456758 298739 -83882 761338
-849127 -780509 775205 31112 -809595 235308
273383 276133 232036 -996171 -945615 -331498
391268 246561 -377948 -492698 974759 65338